constructor and assign operator test
0 1

0
10 0
0 0 0 0 0 0 0 0 0 0 
10
5 0
1 2 3 4 5 
5
5 0
1 2 3 4 5 
5
0 0 0 0 0 0 0 0 0 0 
10
iterators test
5
8
8
5
capacity test
0 1
10 0
element access test
5 8
-1 10
assign test
1 2 3 4 5 
5
5 1 5
-1 -1 -1 -1 -1 -1 -1 -1 -1 -1 
10
10 -1 -1
-1 
1
1 -1 -1
pushs test
10 9 8 7 6 5 4 3 2 1 
10
10 9 8 7 6 5 4 3 2 1 1 2 3 4 5 6 7 8 9 10 
20
1 0 0 0 0 0 0 0 0 0 0 1 
12
pops test
6 7 8 9 10 0 1 2 3 4 
10
insert test
-1
0 -1 0 0 0 0 0 0 0 0 0 
11
0 -1 10 10 10 10 10 10 10 10 10 10 10 10 10 10 10 10 10 10 10 10 0 0 0 0 0 0 0 0 0 
31
0 -1 10 10 10 10 10 10 10 10 10 10 10 10 10 10 10 10 10 10 10 10 0 0 0 0 0 0 0 0 1 2 3 4 5 0 
36
erase test
00000000012345678910088 7 6 5 4 3 2 1 
8
swap test
14 13 12 11 10 9 8 7 6 5 4 3 2 1 0 
15
1 2 3 4 5 6 7 8 9 10 11 12 13 14 15 
15
resize test
1 2 3 4 5 6 7 8 9 10 0 0 0 0 0 0 0 0 0 0 
20
20
0

0
splice test
0 0 0 0 0 0 0 0 0 0 1 2 3 4 5 5 4 3 2 1 -1 -1 -1 -1 -1 
25

0
10 
1

0
0 10 0 0 0 0 0 0 0 0 0 1 2 3 4 5 5 4 3 2 1 -1 -1 -1 -1 -1 
26

0
0 10 0 0 0 0 0 0 0 0 0 1 2 3 4 5 5 4 3 2 1 -1 -1 -1 -1 -1 
26

0
9 9 9 9 9 -1 -1 10 -1 -1 -1 -1 -1 -1 -1 -1 9 9 9 9 9 
21
9 9 9 9 9 -1 -1 -1 -1 -1 -1 -1 -1 -1 -1 9 9 9 9 9 
20
-1 -1 -1 -1 -1 -1 -1 -1 -1 -1 
10
2 4 6 8 10 12 14 16 18 20 0 0 0 0 0 0 0 0 0 0 2 4 6 8 10 12 14 16 18 20 
30
10 12 14 16 18 20 10 12 14 16 18 20 
12
1 2 3 4 5 6 7 8 9 10 11 12 13 14 15 16 17 18 19 20 
20
2.72 3.14 12.15 12.77 15.3 72.25 73 73.35 
8
2.72 3.14 12.15 15.3 72.25 73 
6
2.72 12.15 72.25 
3
1 2 3 4 5 6 7 8 9 10 0 0 0 0 0 0 0 0 0 0 1 2 3 4 5 6 7 8 9 10 21 16 17 12 13 8 9 4 5 0 
40

0
-1 0 0 0 0 0 0 0 0 0 0 0 0 1 1 1 2 2 2 3 3 3 4 4 4 4 5 5 5 5 6 6 6 7 7 7 8 8 8 8 9 9 9 10 10 12 13 16 17 21 
50
1.4 2.2 2.9 2.1 3.1 3.7 7.1 
7

0
1.4 2.2 2.9 2.1 3.1 3.7 7.1 
7
0 0 0 0 0 0 0 0 0 0 1 1 2 2 3 3 4 4 5 5 6 6 7 7 8 8 9 9 10 10 11 11 12 12 13 13 14 14 15 15 16 16 17 17 18 18 19 19 20 20 21 21 22 22 23 23 24 24 25 25 26 26 27 27 28 28 29 29 30 30 
70
Three one two 
3
one Three two 
3
39 38 37 36 35 34 33 32 31 30 29 28 27 26 25 24 23 22 21 20 19 18 17 16 15 14 13 12 11 10 9 8 7 6 5 4 3 2 1 0 1 1 1 1 1 1 1 1 1 1 0 0 0 20 1 1 1 19 2 2 2 18 3 3 3 17 4 4 4 16 5 5 5 15 6 6 6 14 7 7 7 13 8 8 8 12 9 9 9 11 10 10 10 10 11 11 11 9 12 12 12 8 13 13 13 7 14 14 14 6 15 15 15 5 16 16 16 4 17 17 17 3 18 18 18 2 19 19 19 1 20 20 20 0 21 21 21 -1 22 22 22 -2 23 23 23 -3 24 24 24 -4 25 25 25 -5 26 26 26 -6 27 27 27 -7 28 28 28 -8 29 29 29 -9 30 30 30 -10 31 31 31 -11 32 32 32 -12 33 33 33 -13 34 34 34 -14 35 35 35 -15 36 36 36 -16 37 37 37 -17 38 38 38 -18 39 39 39 -19 
210
1
1
0
1
0
1
0
1
0
1
