constructor and assign operator test
0 1

0
10 0
0 0 0 0 0 0 0 0 0 0 
10
5 0
1 2 3 4 5 
5
5 0
1 2 3 4 5 
5
0 0 0 0 0 0 0 0 0 0 
10
iterators test
5
8
8
5
capacity test
0 1
10 0
element access test
5 8
-1 10
assign test
1 2 3 4 5 
5
5 1 5
-1 -1 -1 -1 -1 -1 -1 -1 -1 -1 
10
10 -1 -1
-1 
1
1 -1 -1
pushs test
10 9 8 7 6 5 4 3 2 1 
10
10 9 8 7 6 5 4 3 2 1 1 2 3 4 5 6 7 8 9 10 
20
1 0 0 0 0 0 0 0 0 0 0 1 
12
pops test
6 7 8 9 10 0 1 2 3 4 
10
insert test
-1
0 -1 0 0 0 0 0 0 0 0 0 
11
0 -1 10 10 10 10 10 10 10 10 10 10 10 10 10 10 10 10 10 10 10 10 0 0 0 0 0 0 0 0 0 
31
0 -1 10 10 10 10 10 10 10 10 10 10 10 10 10 10 10 10 10 10 10 10 0 0 0 0 0 0 0 0 1 2 3 4 5 0 
36
erase test
00000000012345678910088 7 6 5 4 3 2 1 
8
swap test
14 13 12 11 10 9 8 7 6 5 4 3 2 1 0 
15
1 2 3 4 5 6 7 8 9 10 11 12 13 14 15 
15
resize test
1 2 3 4 5 6 7 8 9 10 0 0 0 0 0 0 0 0 0 0 
20
20
0

0
splice test
0 0 0 0 0 0 0 0 0 0 1 2 3 4 5 5 4 3 2 1 -1 -1 -1 -1 -1 
25

0
10 
1

0
0 10 0 0 0 0 0 0 0 0 0 1 2 3 4 5 5 4 3 2 1 -1 -1 -1 -1 -1 
26

0
0 10 0 0 0 0 0 0 0 0 0 1 2 3 4 5 5 4 3 2 1 -1 -1 -1 -1 -1 
26

0
9 9 9 9 9 -1 -1 10 -1 -1 -1 -1 -1 -1 -1 -1 9 9 9 9 9 
21
9 9 9 9 9 -1 -1 -1 -1 -1 -1 -1 -1 -1 -1 9 9 9 9 9 
20
-1 -1 -1 -1 -1 -1 -1 -1 -1 -1 
10
2 4 6 8 10 12 14 16 18 20 0 0 0 0 0 0 0 0 0 0 2 4 6 8 10 12 14 16 18 20 
30
10 12 14 16 18 20 10 12 14 16 18 20 
12
1 2 3 4 5 6 7 8 9 10 11 12 13 14 15 16 17 18 19 20 
20
2.72 3.14 12.15 12.77 15.3 72.25 73 73.35 
8
2.72 3.14 12.15 15.3 72.25 73 
6
2.72 12.15 72.25 
3
